#001 Несколько попыток дозвона до модема
#002 Переработать алгоритм повтора отправки пакета. Зависаине при очереди в несколько сообщений.
#003? Переработать алгоритм повтора отправки пакета. Зависание при повторной отправке. Причины?
#004 В модуле Set4tm сделать проверку на кол-во отправленных байт и организовать корректный выход в случае неполной отправки
#005 В модуле Set4tm сделать проверку размера возвращаемого пакета
#006 Сделать возможность настройки таймаутов опроса
#007 Переделать получение данных: изменить направление считывания данных.
#008 Неверно записывается номер интервала в базу
00|00|00|30|10|12|01|00|01|00|89|67|66|66|66|30|
23|30|00|29|10|12|01|00|01|00|89|00|00|00|00|3A|
23|00|00|29|10|12|01|00|01|00|89|99|99|99|99|3D|
22|30|00|29|10|12|01|00|01|00|89|99|99|99|99|49|
22|00|00|29|10|12|01|00|01|00|89|00|00|00|00|46|
21|30|00|29|10|12|01|00|01|00|89|67|66|66|66|5A|
21|00|00|29|10|12|01|00|01|00|89|66|66|66|66|54|
20|30|00|29|10|12|01|00|01|00|89|CC|CC|CC|CC|3E|
20|00|00|29|10|12|01|00|01|00|89|9A|99|99|99|4F|
19|30|00|29|10|12|01|00|01|00|89|00|00|00|00|58|
19|00|00|29|10|12|01|00|01|00|89|9A|99|99|99|61|
18|30|00|29|10|12|01|00|01|00|89|33|33|33|33|5F|
18|00|00|29|10|12|01|00|01|00|89|99|99|99|99|67|
17|30|00|29|10|12|01|00|01|00|89|33|33|33|33|5F|
17|00|00|29|10|12|01|00|01|00|89|FF|FF|FF|FF|5D|16|30|00|29|10|12|01|00|01|00|89|33|33|33|33|5F|16|00|00|29|10|12|01|00|01|00|89|99|99|99
99|67|15|30|00|29|10|12|01|00|01|00|89|34|33|33|33|65|15|00|00|29|10|12|01|00|01
00|89|67|66|66|66|78|14|30|00|29|10|12|01|00|01|00|89|CD|CC|CC|CC|62|14|00|00|29
10|12|01|00|01|00|89|01|00|00|00|70|13|30|00|29|10|12|01|00|01|00|89|66|66|66|66
60|13|00|00|29|10|12|01|00|01|00|89|66|66|66|66|42|12|30|00|29|10|12|01|00|01|00
